lang=en space=False A=26 ncand=724; target d1-6=[0,0.41,0.74,2.16,0.92,1.01]; resync4=0.55
 joint  dev8  rs4 d4spr  mechanism                  d1..d8
  22.9  21.2 0.35  0.11  P:front C:swap k=26        [0.0, 0.69, 0.74, 0.85, 0.99, 1.02, 1.18, 1.43]
  22.9  21.2 0.35  0.11  P:front C:swap k=27        [0.0, 0.69, 0.74, 0.85, 0.99, 1.02, 1.18, 1.43]
  22.9  21.2 0.35  0.11  P:front C:swap k=28        [0.0, 0.69, 0.74, 0.85, 0.99, 1.02, 1.18, 1.43]
  22.9  21.2 0.35  0.11  P:front C:swap k=29        [0.0, 0.69, 0.74, 0.85, 0.99, 1.02, 1.18, 1.43]
  22.9  21.2 0.35  0.11  P:front C:swap k=35        [0.0, 0.69, 0.74, 0.85, 0.99, 1.02, 1.18, 1.43]
  22.9  21.2 0.35  0.11  P:front C:swap k=41        [0.0, 0.69, 0.74, 0.85, 0.99, 1.02, 1.18, 1.43]
  22.9  21.2 0.35  0.11  P:front C:swap k=50        [0.0, 0.69, 0.74, 0.85, 0.99, 1.02, 1.18, 1.43]
  22.9  21.2 0.35  0.11  P:back C:swap k=26         [0.0, 0.69, 0.74, 0.85, 0.99, 1.02, 1.18, 1.43]
  22.9  21.2 0.35  0.11  P:back C:swap k=27         [0.0, 0.69, 0.74, 0.85, 0.99, 1.02, 1.18, 1.43]
  22.9  21.2 0.35  0.11  P:back C:swap k=28         [0.0, 0.69, 0.74, 0.85, 0.99, 1.02, 1.18, 1.43]
  22.9  21.2 0.35  0.11  P:back C:swap k=29         [0.0, 0.69, 0.74, 0.85, 0.99, 1.02, 1.18, 1.43]
  22.9  21.2 0.35  0.11  P:back C:swap k=35         [0.0, 0.69, 0.74, 0.85, 0.99, 1.02, 1.18, 1.43]
  22.9  21.2 0.35  0.11  P:back C:swap k=41         [0.0, 0.69, 0.74, 0.85, 0.99, 1.02, 1.18, 1.43]
  22.9  21.2 0.35  0.11  P:back C:swap k=50         [0.0, 0.69, 0.74, 0.85, 0.99, 1.02, 1.18, 1.43]
  22.9  21.2 0.34  0.12  P:front C:swap k=24        [0.0, 0.7, 0.74, 0.85, 0.99, 1.02, 1.19, 1.44]
  23.0  21.3 0.34  0.12  P:front C:swap k=25        [0.01, 0.7, 0.74, 0.85, 0.99, 1.02, 1.19, 1.43]
  23.0  21.2 0.34  0.11  P:back C:swap k=24         [0.01, 0.69, 0.75, 0.85, 0.99, 1.02, 1.19, 1.43]
  23.0  21.3 0.34  0.11  P:back C:swap k=25         [0.0, 0.69, 0.75, 0.85, 1.0, 1.02, 1.19, 1.43]
  23.0  21.3 0.34  0.09  P:front C:swap k=60        [0.02, 0.71, 0.76, 0.86, 1.01, 1.03, 1.19, 1.44]
  23.3  21.4 0.33  0.08  P:back C:swap k=23         [0.02, 0.71, 0.76, 0.86, 1.01, 1.03, 1.19, 1.44]
  23.4  21.6 0.34  0.12  P:front C:swap k=23        [0.02, 0.71, 0.77, 0.86, 1.01, 1.04, 1.2, 1.44]
  23.6  21.7 0.33  0.13  P:back C:swap k=60         [0.02, 0.72, 0.77, 0.86, 1.01, 1.04, 1.2, 1.44]
  24.4  22.4 0.33  0.15  P:back C:swap k=21         [0.08, 0.75, 0.8, 0.92, 1.04, 1.07, 1.26, 1.5]
  24.4  22.4 0.33  0.15  P:back C:swap k=22         [0.04, 0.73, 0.78, 0.87, 1.04, 1.05, 1.22, 1.46]
  24.5  22.6 0.33  0.10  P:front C:swap k=22        [0.06, 0.73, 0.79, 0.88, 1.03, 1.05, 1.21, 1.47]
  24.9  22.9 0.33  0.13  P:front C:swap k=21        [0.11, 0.77, 0.83, 0.93, 1.05, 1.08, 1.25, 1.49]
  26.0  23.9 0.33  0.14  P:back C:swap k=20         [0.16, 0.81, 0.87, 0.99, 1.12, 1.15, 1.3, 1.53]
  27.0  24.9 0.32  0.13  P:front C:swap k=20        [0.15, 0.84, 0.89, 0.96, 1.12, 1.12, 1.32, 1.52]
  28.7  28.5 0.49  0.20  P:swapnext C:swap k=60     [0.38, 0.49, 0.69, 0.82, 0.95, 1.07, 1.08, 1.19]
  29.6  29.4 0.48  0.15  P:swapnext C:swap k=22     [0.48, 0.53, 0.81, 0.9, 1.07, 1.18, 1.19, 1.29]
  30.3  28.0 0.31  0.18  P:back C:swap k=19         [0.28, 0.9, 0.96, 1.06, 1.17, 1.19, 1.36, 1.6]
  30.4  30.2 0.49  0.13  P:swapnext C:swap k=23     [0.4, 0.48, 0.63, 0.79, 0.96, 1.1, 1.09, 1.19]
  30.8  28.6 0.31  0.12  P:front C:swap k=19        [0.28, 0.92, 0.92, 1.05, 1.2, 1.21, 1.38, 1.58]
  31.4  31.1 0.47  0.24  P:swapnext C:swap k=21     [0.58, 0.71, 0.85, 1.02, 1.16, 1.24, 1.23, 1.37]
  31.9  29.6 0.31  0.64  P:none C:rel k=23          [0.18, 0.39, 0.36, 0.76, 0.8, 0.83, 0.96, 0.98]
  32.3  32.1 0.49  0.17  P:swapnext C:swap k=24     [0.24, 0.37, 0.54, 0.67, 0.91, 1.01, 1.03, 1.15]
  32.6  31.3 0.37  0.08  P:rotate C:rel k=25        [0.14, 0.27, 0.54, 0.65, 0.85, 0.92, 0.91, 0.81]
  33.1  30.5 0.30  0.31  P:none C:rel k=22          [0.4, 0.42, 0.68, 0.77, 0.82, 0.92, 1.08, 0.96]
  34.9  33.9 0.39  0.23  P:back C:rel k=17          [0.55, 0.57, 0.68, 0.82, 0.96, 1.05, 1.11, 1.33]
  35.4  33.3 0.32  0.14  P:front C:swap k=18        [0.38, 1.01, 1.04, 1.11, 1.26, 1.29, 1.45, 1.64]
