lang=fi space=True A=29 ncand=724; target d1-6=[0,0.41,0.74,2.16,0.92,1.01]; resync4=0.55
 joint  dev8  rs4 d4spr  mechanism                  d1..d8
  23.7  20.7 0.28  0.98  P:none C:rel k=24          [0.25, 0.55, 0.52, 0.99, 0.95, 0.82, 0.94, 0.98]
  33.5  29.6 0.24  0.39  P:none C:rel k=18          [0.35, 1.34, 1.28, 1.41, 1.19, 1.29, 1.2, 1.22]
  34.2  30.8 0.26  0.96  P:none C:rel k=22          [0.46, 0.95, 1.02, 0.96, 0.82, 1.07, 0.95, 1.03]
  35.2  32.4 0.28  0.25  P:rotate C:rel k=21        [0.47, 0.91, 0.75, 0.87, 0.91, 0.91, 0.93, 0.96]
  36.0  35.6 0.45  0.06  P:swapnext C:swap k=25     [0.41, 0.48, 0.78, 0.75, 1.04, 1.3, 1.55, 1.29]
  36.1  33.3 0.29  0.73  P:none C:rel k=25          [0.29, 0.4, 0.53, 0.71, 0.82, 0.8, 0.69, 0.89]
  36.3  35.9 0.46  0.13  P:swapnext C:swap k=26     [0.28, 0.37, 0.73, 0.65, 0.95, 1.29, 1.44, 1.25]
  36.4  29.9 0.15  0.16  P:front C:rel k=16         [0.24, 0.45, 0.57, 0.72, 0.88, 1.05, 1.14, 1.24]
  37.0  35.7 0.73  0.39  P:rotate C:swap k=19       [0.87, 0.82, 0.93, 1.08, 0.97, 1.0, 1.1, 1.19]
  37.5  34.5 0.28  0.34  P:rotate C:rel k=20        [0.8, 0.75, 0.82, 1.01, 1.01, 0.93, 0.98, 1.03]
  37.8  37.4 0.45  0.11  P:swapnext C:swap k=24     [0.49, 0.62, 0.86, 0.82, 1.07, 1.38, 1.62, 1.35]
  38.3  31.4 0.14  0.06  P:front C:rel k=15         [0.44, 0.59, 0.74, 0.87, 1.09, 1.12, 1.38, 1.4]
  38.7  38.3 0.46  0.07  P:swapnext C:swap k=27     [0.18, 0.31, 0.64, 0.57, 0.84, 1.2, 1.42, 1.18]
  38.8  37.1 0.75  0.37  P:rotate C:swap k=60       [0.53, 0.57, 0.66, 0.74, 0.68, 0.84, 0.83, 0.93]
  38.8  34.7 0.23  0.08  P:back C:rel k=15          [0.52, 0.54, 0.68, 0.85, 1.05, 1.17, 1.28, 1.54]
  39.1  38.6 0.44  0.12  P:swapnext C:swap k=23     [0.52, 0.66, 0.96, 0.89, 1.18, 1.48, 1.7, 1.38]
  39.3  33.5 0.17  0.08  P:swapnext C:rel k=21      [0.71, 0.79, 0.82, 0.98, 0.83, 0.99, 0.94, 1.03]
  39.6  37.7 0.77  0.31  P:rotate C:swap k=25       [0.45, 0.39, 0.54, 0.8, 0.57, 0.68, 0.64, 0.73]
  40.4  38.8 0.75  0.46  P:rotate C:swap k=21       [0.47, 0.92, 0.99, 0.83, 0.92, 0.95, 0.93, 1.62]
  40.6  36.9 0.25  0.24  P:back C:rel k=16          [0.38, 0.37, 0.51, 0.68, 0.86, 1.01, 1.13, 1.36]
  40.6  40.1 0.44  0.17  P:swapnext C:swap k=60     [0.59, 0.68, 0.94, 0.88, 1.14, 1.43, 1.67, 1.42]
  41.0  39.6 0.74  0.22  P:rotate C:swap k=18       [0.73, 1.07, 1.24, 1.08, 1.21, 1.07, 1.12, 1.25]
  41.5  39.6 0.77  0.34  P:rotate C:swap k=23       [0.66, 0.42, 0.77, 0.86, 0.67, 1.71, 0.68, 0.86]
  41.6  40.2 0.74  0.26  P:rotate C:swap k=20       [0.8, 0.82, 0.96, 0.87, 0.93, 1.02, 1.1, 1.02]
  41.7  41.2 0.43  0.06  P:swapnext C:swap k=22     [0.65, 0.73, 1.06, 0.99, 1.19, 1.53, 1.75, 1.41]
  41.7  38.5 0.27  0.44  P:rotate C:rel k=18        [0.73, 1.24, 1.08, 1.13, 1.1, 1.13, 0.99, 1.14]
  42.1  35.3 0.14  0.14  P:front C:rel k=14         [0.61, 0.8, 1.01, 1.12, 1.24, 1.4, 1.47, 1.54]
  42.1  40.8 0.73  0.85  P:rotate C:swap k=17       [0.9, 1.2, 1.13, 1.25, 1.08, 1.24, 1.11, 1.2]
  42.3  39.8 0.30  0.28  Phomo:back C:depth k=8     [0.13, 1.04, 1.56, 1.67, 1.85, 1.83, 1.75, 1.86]
  42.6  37.3 0.19  0.07  P:swapnext C:rel k=23      [0.52, 0.64, 0.63, 0.73, 0.83, 0.77, 0.86, 0.87]
  42.8  39.7 0.27  0.25  P:rotate C:rel k=19        [0.87, 0.97, 1.01, 1.01, 1.0, 1.03, 1.0, 1.11]
  43.6  39.0 0.21  0.36  P:back C:rel k=14          [0.68, 0.73, 0.88, 1.06, 1.27, 1.36, 1.5, 1.72]
  43.7  38.1 0.18  0.17  P:swapnext C:rel k=22      [0.65, 0.74, 0.67, 0.81, 0.81, 0.83, 0.83, 0.95]
  43.7  41.8 0.77  0.27  P:rotate C:swap k=24       [0.52, 0.59, 0.7, 0.7, 1.07, 0.65, 0.72, 0.72]
  43.7  43.4 0.47  0.06  P:swapnext C:swap k=28     [0.1, 0.24, 0.54, 0.49, 0.78, 1.15, 1.35, 1.09]
  43.7  40.6 0.27  0.22  P:rotate C:rel k=17        [0.9, 0.96, 1.33, 1.17, 1.08, 1.18, 1.14, 1.22]
  43.9  37.4 0.15  0.19  P:front C:rel k=17         [0.14, 0.24, 0.47, 0.58, 0.73, 0.82, 0.94, 1.09]
  44.9  43.3 0.76  0.40  P:rotate C:swap k=22       [0.88, 0.53, 0.77, 0.89, 0.85, 0.82, 1.82, 0.85]
  45.1  43.5 0.34  0.09  P:rotate C:rel k=28        [0.14, 0.29, 0.62, 0.47, 0.79, 1.16, 1.23, 0.9]
  45.5  44.9 0.43  0.17  P:swapnext C:swap k=21     [0.71, 0.85, 1.04, 1.03, 1.28, 1.58, 1.73, 1.55]
