lang=en space=False A=26; target d1-6=[0,0.41,0.74,2.16,0.92,1.01]; resync4=0.55
 joint  dev8  rs4 d4spr  mechanism            d1..d8
  25.6  25.6 0.54  0.32  m=10 excl cond=ct    [0.0, 1.3, 1.31, 1.35, 1.34, 1.43, 1.46, 1.37]
  35.1  34.8 0.64  0.67  m=8 excl cond=ct     [0.0, 1.56, 1.36, 1.63, 1.64, 1.58, 1.66, 1.6]
  49.0  48.0 0.71  0.23  m=6 excl cond=ct     [0.0, 1.73, 1.66, 1.76, 1.71, 1.88, 1.86, 1.74]
  57.7  50.9 0.96  0.31  m=4 next cond=pt     [0.55, 1.08, 1.74, 1.84, 1.68, 1.79, 1.85, 1.85]
  57.8  51.2 0.95  0.10  m=10 next cond=pt    [0.9, 1.07, 1.45, 1.53, 1.52, 1.57, 1.75, 1.68]
  59.6  59.6 0.58  0.18  m=10 any cond=ct     [1.42, 1.21, 1.27, 1.41, 1.46, 1.42, 1.42, 1.49]
  60.6  60.2 0.66  0.33  m=8 any cond=ct      [1.09, 1.39, 1.51, 1.54, 1.57, 1.51, 1.65, 1.6]
  62.8  60.7 0.78  0.56  m=5 excl cond=ct     [0.0, 1.99, 1.77, 1.81, 1.89, 2.03, 1.91, 1.92]
  65.0  58.4 0.96  0.09  m=10 any cond=pt     [0.91, 1.34, 1.73, 1.84, 1.59, 1.69, 1.68, 1.69]
  69.1  62.5 0.96  0.30  m=8 next cond=pt     [0.76, 1.36, 1.59, 1.97, 1.83, 1.94, 1.88, 1.9]
  73.4  66.8 0.95  0.56  m=6 next cond=pt     [1.01, 1.09, 1.8, 1.86, 1.83, 1.82, 1.99, 1.87]
  73.8  67.2 0.96  0.63  m=8 any cond=pt      [1.1, 1.25, 1.69, 1.86, 1.69, 1.78, 1.88, 1.87]
  74.3  72.3 0.78  0.24  m=5 any cond=ct      [1.03, 1.37, 1.91, 1.77, 1.86, 1.93, 1.78, 1.77]
  74.5  71.2 0.84  0.68  m=4 excl cond=ct     [0.0, 2.08, 1.81, 1.81, 2.14, 2.04, 1.98, 2.24]
  75.7  69.0 0.96  0.25  m=5 next cond=pt     [0.98, 1.2, 1.8, 2.01, 1.84, 1.89, 1.92, 1.97]
  78.3  71.7 0.96  0.80  m=10 excl cond=pt    [1.06, 1.35, 1.77, 1.73, 1.72, 1.87, 1.93, 1.9]
  79.1  72.4 0.96  0.32  m=3 next cond=pt     [0.91, 1.23, 1.91, 2.14, 1.93, 1.97, 2.01, 2.0]
  81.9  80.6 0.73  0.48  m=6 any cond=ct      [1.4, 1.39, 1.82, 1.78, 1.79, 1.75, 1.9, 1.91]
  82.8  76.2 0.96  0.41  m=8 excl cond=pt     [1.27, 1.29, 1.69, 2.08, 1.81, 1.91, 1.93, 1.98]
  91.2  87.0 0.87  0.27  m=3 excl cond=ct     [0.0, 2.46, 1.61, 2.55, 2.15, 2.48, 2.3, 2.33]
  92.4  85.9 0.95  0.25  m=6 any cond=pt      [1.24, 1.41, 2.01, 2.17, 1.84, 2.1, 2.02, 2.01]
  96.4  89.7 0.96  0.49  m=5 excl cond=pt     [1.18, 1.32, 2.07, 2.03, 1.97, 2.14, 2.19, 2.14]
