lang=fi space=True A=29; target d1-6=[0,0.41,0.74,2.16,0.92,1.01]; resync4=0.55
 joint  dev8  rs4 d4spr  mechanism            d1..d8
  43.0  42.7 0.63  0.23  m=10 excl cond=ct    [0.0, 1.52, 1.41, 1.27, 1.48, 1.75, 1.98, 1.64]
  57.7  56.8 0.70  0.56  m=8 excl cond=ct     [0.0, 1.65, 1.53, 1.34, 1.77, 2.01, 2.34, 1.74]
  73.3  71.5 0.76  0.46  m=6 excl cond=ct     [0.0, 1.85, 1.77, 1.67, 1.82, 2.37, 2.5, 2.08]
  79.8  79.4 0.64  0.34  m=10 any cond=ct     [1.25, 1.47, 1.5, 1.35, 1.63, 1.93, 2.2, 1.7]
  86.5  84.0 0.80  0.19  m=5 excl cond=ct     [0.0, 2.01, 1.86, 1.73, 1.94, 2.53, 2.8, 2.12]
  89.4  88.5 0.69  0.74  m=8 any cond=ct      [1.24, 1.52, 1.5, 1.5, 1.75, 2.15, 2.44, 1.99]
 114.9 111.4 0.84  0.80  m=4 excl cond=ct     [0.0, 2.34, 1.73, 2.01, 2.27, 3.15, 3.12, 2.48]
 116.5 110.0 0.95  0.03  m=10 any cond=pt     [0.59, 1.24, 1.65, 1.61, 1.91, 3.14, 3.74, 2.37]
 122.8 116.3 0.95  0.64  m=10 excl cond=pt    [1.09, 1.25, 1.62, 1.44, 1.78, 3.14, 3.33, 2.42]
 124.2 122.2 0.77  0.53  m=6 any cond=ct      [1.58, 1.73, 2.07, 1.82, 2.11, 2.65, 2.69, 2.07]
 131.2 124.7 0.95  0.29  m=10 next cond=pt    [0.73, 1.26, 1.88, 1.57, 1.99, 3.27, 3.62, 2.8]
 139.6 133.0 0.96  0.55  m=8 excl cond=pt     [1.34, 1.21, 1.78, 1.56, 2.1, 3.11, 3.6, 2.6]
 141.2 134.5 0.96  0.69  m=6 excl cond=pt     [0.94, 1.46, 1.94, 1.88, 2.23, 3.29, 3.59, 2.75]
 144.5 140.4 0.87  0.73  m=3 excl cond=ct     [0.0, 2.78, 1.9, 2.4, 2.27, 3.49, 3.51, 2.84]
 150.5 147.8 0.81  0.41  m=5 any cond=ct      [2.08, 1.45, 2.06, 1.91, 2.14, 3.0, 3.2, 2.45]
 160.1 153.4 0.96  0.56  m=5 next cond=pt     [1.28, 1.23, 1.87, 1.51, 2.38, 3.46, 3.96, 2.87]
 169.2 162.6 0.95  0.98  m=8 any cond=pt      [1.23, 1.62, 2.03, 1.82, 2.54, 3.41, 3.92, 3.03]
 177.4 170.7 0.96  0.71  m=6 any cond=pt      [1.48, 1.56, 2.22, 1.93, 2.55, 3.52, 4.01, 2.83]
 178.3 171.6 0.96  0.81  m=5 any cond=pt      [1.52, 1.42, 1.93, 1.86, 2.47, 3.69, 4.27, 2.85]
 180.2 176.1 0.87  0.72  m=4 any cond=ct      [1.88, 1.95, 2.53, 2.02, 2.44, 3.23, 3.39, 2.82]
 180.6 173.8 0.96  0.68  m=4 next cond=pt     [1.27, 1.46, 2.39, 1.85, 2.45, 3.65, 3.97, 3.26]
 184.9 178.4 0.95  0.90  m=8 next cond=pt     [1.55, 1.55, 2.3, 1.96, 2.61, 3.46, 4.0, 3.15]
 187.8 181.1 0.96  0.48  m=4 excl cond=pt     [1.4, 1.55, 2.51, 1.96, 2.45, 3.78, 4.06, 3.07]
 188.0 181.3 0.96  0.18  m=5 excl cond=pt     [1.61, 1.7, 1.91, 1.82, 2.5, 3.63, 4.28, 3.03]
 193.3 186.7 0.96  0.61  m=6 next cond=pt     [1.5, 1.88, 2.13, 2.07, 2.7, 3.57, 4.23, 3.11]
 224.7 218.0 0.96  0.58  m=4 any cond=pt      [1.56, 1.86, 2.7, 2.2, 2.7, 4.13, 4.51, 3.44]
 235.2 228.3 0.97  0.89  m=3 excl cond=pt     [1.78, 1.76, 2.91, 2.48, 2.86, 4.18, 4.49, 3.4]
 245.6 240.5 0.91  0.64  m=3 any cond=ct      [2.32, 2.17, 2.82, 2.36, 2.8, 4.02, 4.39, 3.3]
 249.4 242.4 0.97  1.00  m=3 next cond=pt     [2.1, 2.06, 2.42, 2.44, 2.97, 4.28, 4.68, 3.53]
 264.7 257.7 0.97  0.97  m=3 any cond=pt      [2.2, 2.08, 2.93, 2.45, 3.12, 4.13, 4.89, 3.53]
 303.8 296.7 0.97  0.39  m=2 excl cond=pt     [1.54, 2.35, 3.49, 2.4, 3.52, 4.99, 5.13, 4.23]
 303.8 296.7 0.97  0.39  m=2 next cond=pt     [1.54, 2.35, 3.49, 2.4, 3.52, 4.99, 5.13, 4.23]
 328.0 320.8 0.97  0.23  m=2 any cond=pt      [1.89, 2.69, 3.46, 2.77, 3.71, 5.01, 5.39, 4.15]
 336.5 330.5 0.94  0.73  m=2 any cond=ct      [2.34, 2.86, 3.61, 2.91, 3.82, 4.78, 5.13, 4.07]
 856.2 848.1 1.00  0.19  m=2 excl cond=ct     [0.0, 4.47, 0.0, 4.75, 0.0, 8.4, 0.0, 7.02]
 856.2 848.1 1.00  0.19  m=2 next cond=ct     [0.0, 4.47, 0.0, 4.75, 0.0, 8.4, 0.0, 7.02]
 984.6 976.5 1.00  0.49  m=4 next cond=ct     [0.0, 0.0, 0.0, 6.38, 0.0, 0.0, 0.0, 8.37]
1378.6 1370.5 1.00  0.00  m=3 next cond=ct     [0.0, 0.0, 6.66, 0.0, 0.0, 9.52, 0.0, 0.0]
1411.0 1402.9 1.00  0.00  m=5 next cond=ct     [0.0, 0.0, 0.0, 0.0, 7.91, 0.0, 0.0, 0.0]
1474.1 1466.0 1.00  0.00  m=10 next cond=ct    [0.0, 0.0, 0.0, 0.0, 0.0, 0.0, 0.0, 0.0]
1489.3 1481.2 1.00  0.00  m=6 next cond=ct     [0.0, 0.0, 0.0, 0.0, 0.0, 12.74, 0.0, 0.0]
1520.5 1512.4 1.00  0.00  m=8 next cond=ct     [0.0, 0.0, 0.0, 0.0, 0.0, 0.0, 0.0, 13.31]
