lang=fi space=True A=29 ncand=594
TARGET       [0.0, 0.41, 0.74, 2.16, 0.92, 1.01, 1.02, 0.95, 1.56, 0.97, 0.89, 0.63]
   38.5 cut_then_depth k=20 key=spaced3          [0.0, 0.0, 1.02, 1.44, 0.94, 0.87, 0.99, 0.95, 1.0, 1.03, 1.02, 1.05]
   38.6 CutDeck k=19 key=random                  [0.0, 0.47, 0.8, 1.23, 1.14, 0.95, 1.02, 0.96, 1.06, 0.98, 0.98, 0.97]
   40.1 CutDeck k=23 key=random                  [0.0, 0.36, 0.87, 1.26, 0.89, 1.0, 1.02, 0.96, 1.01, 1.1, 1.02, 0.92]
   41.6 cut_then_depth k=8 key=spaced3           [0.0, 0.0, 1.04, 1.43, 1.01, 0.66, 0.75, 1.11, 1.07, 0.97, 0.91, 0.97]
   42.4 cut_then_depth k=22 key=random           [0.0, 0.46, 0.55, 1.14, 0.81, 0.94, 1.07, 0.99, 0.9, 0.97, 0.98, 0.97]
   43.1 cut_then_depth k=32 key=random           [0.0, 0.6, 1.06, 1.2, 1.08, 1.07, 0.98, 1.01, 0.93, 0.94, 1.09, 1.0]
   43.4 move_rel k=22 key=top                    [0.09, 0.14, 1.29, 2.4, 0.94, 0.7, 0.64, 0.8, 0.89, 1.06, 1.03, 1.06]
   44.5 cut_then_depth k=18 key=spaced3          [0.04, 0.0, 0.46, 1.13, 1.0, 1.1, 0.95, 0.92, 1.13, 0.88, 1.05, 1.09]
   45.3 CutDeck k=15 key=random                  [0.69, 0.57, 1.09, 1.18, 0.98, 1.02, 0.97, 1.06, 1.06, 1.0, 0.96, 1.03]
   46.7 cut_then_depth k=14 key=spaced3          [0.0, 1.14, 1.05, 1.19, 0.8, 0.98, 1.0, 1.05, 1.14, 1.07, 0.95, 1.07]
   47.3 CutDeck k=11 key=random                  [0.0, 1.1, 0.96, 1.18, 1.03, 1.0, 1.02, 0.95, 1.03, 0.97, 1.01, 0.96]
   47.6 RandGAK (control)                        [0.0, 1.17, 0.95, 1.16, 1.07, 0.93, 0.91, 1.01, 0.94, 1.05, 0.98, 0.97]
   47.8 cut_then_depth k=6 key=spaced3           [0.0, 0.0, 0.68, 1.06, 1.28, 1.26, 1.03, 0.77, 0.87, 0.95, 1.1, 0.93]
   48.1 move_rel k=22 key=random                 [0.45, 1.26, 0.9, 1.34, 1.23, 1.03, 1.09, 1.05, 1.04, 1.14, 0.97, 1.08]
   48.8 cut_then_depth k=36 key=spaced4          [0.88, 0.0, 0.3, 1.42, 1.01, 1.03, 0.87, 1.01, 1.06, 1.01, 0.96, 1.05]
   48.8 move_rel k=30 key=spaced4                [0.0, 0.13, 0.62, 1.06, 1.15, 0.9, 1.04, 1.17, 1.03, 1.19, 1.22, 1.05]
   48.9 cut_then_depth k=10 key=random           [0.0, 0.32, 1.0, 0.99, 0.95, 0.95, 1.01, 1.04, 0.84, 1.05, 0.93, 1.03]
   49.2 cut_then_depth k=40 key=random           [0.0, 0.73, 0.92, 0.87, 0.86, 0.99, 0.97, 1.04, 1.04, 0.97, 0.96, 1.03]
   49.7 move_rel k=14 key=spaced4                [0.0, 0.06, 0.39, 0.83, 0.82, 1.12, 0.97, 1.06, 1.26, 1.11, 1.01, 1.04]
   51.1 cut_then_depth k=16 key=random           [0.0, 0.51, 0.84, 0.77, 0.98, 1.03, 0.96, 1.0, 1.02, 0.95, 0.91, 1.06]
   51.2 cut_then_depth k=38 key=spaced3          [0.0, 0.61, 1.11, 0.93, 0.76, 1.15, 0.85, 1.0, 1.01, 0.98, 1.1, 0.98]
   51.5 move_rel k=22 key=spaced3                [0.0, 0.99, 1.23, 1.01, 1.11, 1.03, 0.8, 0.97, 1.04, 0.99, 0.96, 1.0]
   51.8 cut_then_depth k=26 key=spaced4          [0.0, 0.2, 1.48, 1.16, 0.6, 0.98, 1.08, 1.02, 0.87, 1.07, 1.02, 0.99]
   52.3 CutDeck k=5 key=random                   [0.0, 1.23, 0.93, 1.14, 1.14, 0.94, 1.04, 1.03, 0.95, 0.93, 1.04, 0.99]
   52.9 cut_then_depth k=32 key=spaced2          [0.0, 0.0, 1.6, 1.08, 1.03, 0.88, 1.0, 1.01, 1.04, 1.02, 0.99, 0.98]
   53.1 move_rel k=12 key=random                 [0.48, 0.55, 0.74, 0.88, 0.68, 0.76, 0.85, 0.95, 1.0, 0.93, 1.0, 1.04]
   53.2 move_rel k=40 key=spaced3                [0.0, 0.95, 0.66, 0.87, 0.93, 0.8, 0.86, 0.99, 0.89, 1.03, 0.98, 0.9]
   54.4 CutDeck k=13 key=random                  [0.12, 0.85, 1.07, 0.87, 1.13, 1.05, 0.92, 1.04, 1.04, 1.02, 0.96, 1.03]
   54.7 cut_then_depth k=4 key=random            [0.0, 1.1, 0.72, 0.88, 0.95, 0.9, 0.85, 0.93, 0.95, 0.98, 1.07, 1.02]
   54.7 cut_then_depth k=36 key=random           [0.0, 0.69, 0.68, 0.86, 1.08, 1.03, 1.11, 1.05, 0.97, 1.03, 1.06, 1.04]
control: [(47.6, 'RandGAK (control)'), (60.2, 'PosKey (control)')]
