lang=en space=True A=27 ncand=594
TARGET       [0.0, 0.41, 0.74, 2.16, 0.92, 1.01, 1.02, 0.95, 1.56, 0.97, 0.89, 0.63]
   32.6 CutDeck k=15 key=random                  [0.22, 0.85, 0.81, 2.11, 1.09, 1.13, 0.97, 0.92, 1.01, 1.04, 1.04, 0.99]
   39.3 cut_then_depth k=36 key=spaced4          [0.09, 0.0, 0.32, 1.47, 1.09, 0.77, 0.81, 1.03, 1.03, 0.92, 0.99, 1.03]
   41.9 cut_then_depth k=30 key=spaced3          [0.61, 0.0, 0.46, 1.61, 0.94, 0.94, 1.07, 1.05, 0.95, 0.99, 1.03, 1.05]
   42.0 CutDeck k=19 key=random                  [0.0, 0.79, 0.89, 1.26, 1.03, 0.99, 0.81, 0.95, 1.0, 0.98, 0.91, 1.02]
   43.2 cut_then_depth k=14 key=spaced3          [0.0, 0.0, 1.52, 1.83, 0.98, 0.74, 0.95, 1.05, 1.14, 1.07, 0.99, 1.11]
   44.3 cut_then_depth k=32 key=spaced3          [0.0, 0.0, 1.35, 1.47, 0.64, 0.79, 1.05, 1.04, 0.9, 0.99, 1.03, 0.99]
   44.7 cut_then_depth k=16 key=random           [0.0, 0.56, 0.82, 1.09, 1.01, 1.09, 1.03, 1.01, 0.99, 1.01, 1.11, 1.05]
   44.8 move_rel k=40 key=spaced2                [0.55, 0.46, 0.97, 1.37, 1.33, 1.12, 1.42, 1.21, 1.17, 0.98, 1.06, 0.88]
   45.2 cut_then_depth k=32 key=random           [0.0, 0.51, 1.05, 1.09, 1.06, 0.86, 0.96, 0.96, 1.06, 1.07, 1.04, 0.91]
   45.6 CutDeck k=17 key=random                  [0.0, 0.67, 0.76, 0.98, 1.08, 1.03, 1.0, 0.97, 0.94, 1.14, 0.99, 1.0]
   46.5 cut_then_depth k=36 key=random           [0.0, 1.21, 1.09, 1.38, 1.02, 1.12, 0.87, 0.9, 1.02, 1.0, 1.08, 0.97]
   46.6 cut_then_depth k=12 key=random           [0.0, 0.88, 1.38, 1.34, 0.91, 0.86, 0.99, 0.97, 1.04, 0.94, 1.04, 1.04]
   46.7 cut_then_depth k=40 key=spaced4          [0.61, 0.0, 0.92, 1.27, 1.19, 0.82, 1.05, 1.13, 0.98, 0.98, 1.05, 1.1]
   47.0 move_rel k=40 key=spaced3                [0.0, 0.58, 0.76, 1.09, 1.27, 1.2, 1.01, 1.01, 1.08, 1.13, 1.12, 1.11]
   47.1 CutDeck k=1 key=random                   [0.25, 1.22, 0.78, 1.26, 0.82, 0.9, 1.11, 1.0, 1.0, 1.07, 1.06, 0.97]
   47.5 move_rel k=30 key=spaced4                [0.0, 0.24, 0.57, 0.92, 0.9, 0.94, 0.94, 0.91, 0.92, 0.94, 0.88, 0.89]
   48.0 cut_then_depth k=18 key=spaced2          [0.09, 0.0, 0.8, 1.0, 0.85, 1.06, 0.95, 0.85, 1.0, 1.09, 1.0, 1.02]
   48.9 RandGAK (control)                        [0.0, 1.15, 0.59, 1.15, 0.99, 0.96, 1.05, 1.08, 0.95, 0.9, 1.03, 1.03]
   49.9 cut_then_depth k=18 key=random           [0.0, 0.48, 0.93, 0.91, 1.1, 1.1, 1.05, 1.0, 0.97, 1.03, 1.0, 0.9]
   50.6 move_rel k=28 key=spaced3                [0.0, 0.72, 0.58, 0.87, 1.08, 1.15, 1.03, 1.01, 0.96, 1.1, 1.04, 1.01]
   50.7 move_rel k=32 key=spaced2                [0.33, 0.17, 0.52, 0.88, 1.04, 0.98, 1.1, 1.02, 1.02, 1.03, 1.02, 0.97]
   50.8 cut_then_depth k=20 key=spaced2          [0.61, 0.0, 1.05, 1.1, 0.95, 1.05, 1.06, 0.92, 0.97, 1.02, 1.08, 1.01]
   52.4 CutDeck k=37 key=random                  [0.19, 0.87, 1.67, 1.26, 0.86, 1.03, 0.91, 1.03, 0.96, 1.0, 1.05, 0.98]
   53.6 cut_then_depth k=28 key=random           [0.0, 0.64, 1.08, 0.77, 0.86, 0.94, 1.05, 0.97, 1.04, 1.01, 0.95, 1.01]
   54.1 CutDeck k=41 key=random                  [0.0, 1.05, 0.91, 0.81, 0.86, 0.98, 1.01, 1.07, 1.06, 1.01, 1.01, 1.0]
   55.3 move_rel k=34 key=spaced4                [0.0, 0.91, 0.68, 0.91, 0.94, 0.94, 0.93, 0.9, 0.87, 0.91, 0.95, 0.87]
   55.4 CutDeck k=35 key=random                  [0.0, 0.84, 1.31, 0.95, 1.06, 1.1, 0.91, 0.92, 0.96, 0.96, 1.11, 0.98]
   55.7 CutDeck k=7 key=random                   [1.41, 0.69, 0.81, 2.0, 1.03, 0.96, 1.01, 0.99, 0.97, 0.99, 0.98, 0.92]
   55.9 move_rel k=20 key=spaced3                [0.63, 0.91, 0.82, 1.42, 1.25, 1.35, 1.33, 1.55, 1.46, 1.4, 1.26, 1.23]
   56.2 move_rel k=22 key=spaced3                [0.0, 0.27, 0.56, 0.79, 0.77, 0.99, 0.9, 1.05, 1.1, 1.12, 1.19, 1.09]
control: [(48.9, 'RandGAK (control)'), (58.7, 'PosKey (control)')]
