lang=en space=False A=26 ncand=594
TARGET       [0.0, 0.41, 0.74, 2.16, 0.92, 1.01, 1.02, 0.95, 1.56, 0.97, 0.89, 0.63]
   34.4 cut_then_depth k=14 key=spaced3          [0.0, 0.0, 0.84, 1.98, 1.19, 0.85, 0.74, 0.97, 0.98, 0.98, 1.06, 1.03]
   35.9 cut_then_depth k=20 key=spaced3          [0.0, 0.0, 1.32, 1.9, 0.98, 0.83, 0.99, 1.05, 1.03, 0.98, 1.0, 1.04]
   38.4 move_depth k=26 key=spaced3              [0.0, 0.05, 0.91, 1.64, 1.16, 0.9, 0.86, 0.72, 0.78, 0.91, 1.07, 1.17]
   40.7 cut_then_depth k=8 key=spaced3           [0.0, 0.0, 1.0, 1.93, 1.51, 1.21, 0.71, 0.63, 0.96, 1.04, 1.05, 1.14]
   43.4 move_rel k=40 key=spaced3                [0.0, 0.95, 0.72, 1.18, 0.9, 0.97, 0.97, 0.97, 0.98, 1.01, 1.04, 1.06]
   43.4 CutDeck k=19 key=random                  [0.0, 0.51, 0.92, 1.02, 1.06, 0.96, 1.01, 0.97, 1.0, 0.98, 1.02, 1.01]
   44.6 move_rel k=16 key=spaced3                [0.0, 0.58, 0.9, 0.97, 1.07, 0.94, 1.01, 0.93, 0.92, 0.93, 0.99, 0.95]
   44.7 CutDeck k=17 key=random                  [0.0, 0.92, 0.88, 1.16, 0.89, 1.05, 1.05, 1.04, 0.97, 1.0, 1.05, 1.0]
   45.2 cut_then_depth k=32 key=random           [0.0, 0.54, 1.16, 1.11, 0.99, 0.96, 0.96, 0.95, 0.97, 1.01, 0.98, 1.0]
   45.4 move_rel k=10 key=spaced3                [0.0, 0.54, 0.74, 1.04, 1.16, 1.17, 1.19, 1.25, 1.1, 1.18, 1.09, 1.06]
   45.8 cut_then_depth k=16 key=random           [0.0, 0.88, 1.02, 1.12, 0.99, 1.13, 1.04, 0.87, 1.03, 0.99, 1.0, 0.96]
   46.5 CutDeck k=13 key=random                  [0.0, 0.92, 1.19, 1.17, 0.89, 1.03, 0.99, 0.93, 0.96, 1.09, 1.01, 0.97]
   46.9 move_rel k=22 key=spaced3                [0.0, 0.59, 1.05, 1.11, 0.87, 0.96, 0.93, 0.88, 0.86, 0.85, 0.84, 0.8]
   47.0 cut_then_depth k=12 key=random           [0.0, 0.92, 0.82, 1.0, 1.16, 1.05, 0.95, 0.98, 1.01, 1.11, 0.98, 0.98]
   47.2 CutDeck k=15 key=random                  [0.3, 0.66, 0.81, 0.93, 0.98, 1.0, 0.94, 0.97, 1.0, 1.03, 1.06, 0.97]
   47.9 cut_then_depth k=40 key=random           [0.0, 0.13, 0.83, 0.99, 0.99, 0.99, 1.09, 0.93, 0.95, 1.07, 0.94, 1.0]
   49.1 cut_then_depth k=10 key=random           [0.0, 0.09, 1.32, 1.01, 1.0, 1.04, 1.02, 0.98, 1.01, 0.96, 0.95, 0.98]
   49.3 move_rel k=26 key=spaced3                [0.55, 1.1, 1.01, 1.22, 1.11, 1.0, 1.11, 1.05, 0.96, 0.96, 0.96, 0.92]
   49.6 cut_then_depth k=22 key=random           [0.0, 1.05, 0.86, 1.01, 1.06, 1.05, 0.95, 0.93, 0.95, 1.07, 0.95, 0.97]
   49.8 cut_then_depth k=32 key=spaced3          [0.0, 0.0, 1.65, 1.38, 0.65, 1.01, 1.07, 0.93, 0.99, 0.97, 0.99, 0.97]
   50.2 CutDeck k=1 key=random                   [0.24, 0.77, 1.21, 1.07, 0.98, 1.0, 1.02, 1.05, 0.98, 0.98, 0.95, 1.03]
   50.6 cut_then_depth k=4 key=random            [0.04, 0.83, 0.92, 0.9, 0.96, 0.96, 0.99, 1.04, 0.98, 0.97, 1.03, 0.94]
   50.8 CutDeck k=37 key=random                  [0.27, 0.87, 0.78, 0.92, 0.89, 1.04, 1.01, 0.93, 1.06, 0.92, 0.98, 0.96]
   50.8 CutDeck k=33 key=random                  [0.0, 1.39, 1.04, 1.18, 1.06, 1.0, 0.96, 0.95, 1.03, 1.01, 0.99, 0.98]
   51.2 CutDeck k=35 key=random                  [0.01, 1.14, 0.95, 1.09, 0.96, 1.0, 1.04, 0.98, 1.04, 1.07, 0.99, 0.98]
   51.3 CutDeck k=29 key=random                  [0.0, 0.72, 1.49, 1.0, 0.95, 1.01, 1.02, 0.97, 0.95, 0.98, 1.0, 1.0]
   51.7 move_rel k=10 key=random                 [0.7, 0.69, 0.87, 0.98, 0.95, 0.98, 0.96, 1.01, 1.14, 0.93, 1.0, 1.02]
   52.4 CutDeck k=41 key=random                  [0.0, 1.23, 0.82, 1.02, 1.0, 0.95, 0.92, 1.02, 1.02, 0.96, 1.0, 0.99]
   52.8 cut_then_depth k=18 key=spaced2          [0.09, 0.0, 0.4, 0.9, 1.08, 0.89, 0.99, 1.11, 0.97, 1.0, 1.0, 1.03]
   52.8 cut_then_depth k=30 key=spaced3          [0.7, 0.01, 0.03, 1.33, 1.22, 0.97, 0.94, 1.07, 1.0, 0.92, 1.0, 1.0]
control: [(58.7, 'RandGAK (control)'), (60.9, 'PosKey (control)')]
