lang=fi space=False A=28 ncand=594
TARGET       [0.0, 0.41, 0.74, 2.16, 0.92, 1.01, 1.02, 0.95, 1.56, 0.97, 0.89, 0.63]
   35.9 cut_then_depth k=20 key=spaced3          [0.0, 0.0, 1.12, 1.6, 0.99, 0.81, 0.84, 1.01, 1.03, 0.98, 1.07, 0.94]
   41.2 cut_then_depth k=14 key=spaced3          [0.0, 0.0, 1.46, 1.68, 1.08, 0.81, 0.86, 1.05, 1.0, 1.01, 0.93, 0.95]
   41.9 cut_then_depth k=16 key=random           [0.0, 0.46, 0.76, 1.12, 1.04, 0.95, 1.0, 0.97, 0.99, 1.05, 1.01, 1.0]
   43.0 move_rel k=32 key=spaced3                [0.8, 0.78, 0.79, 1.41, 0.88, 0.98, 1.01, 0.94, 1.05, 0.89, 1.02, 1.07]
   44.4 CutDeck k=23 key=random                  [0.0, 0.66, 0.9, 1.07, 0.98, 1.04, 1.08, 0.99, 1.0, 1.03, 0.97, 0.92]
   46.3 cut_then_depth k=8 key=spaced3           [0.0, 0.0, 1.45, 2.11, 1.7, 0.95, 0.69, 0.98, 0.9, 1.07, 1.08, 1.02]
   47.4 cut_then_depth k=18 key=random           [0.0, 1.16, 0.61, 1.15, 0.9, 0.99, 0.94, 0.94, 0.91, 1.04, 0.91, 1.0]
   48.1 move_rel k=40 key=spaced3                [0.0, 0.62, 0.49, 1.01, 0.62, 0.91, 0.9, 0.84, 0.89, 0.87, 0.9, 0.96]
   48.6 CutDeck k=19 key=random                  [0.0, 0.61, 0.92, 0.92, 1.12, 0.95, 1.01, 0.93, 1.04, 1.03, 1.04, 1.01]
   48.6 cut_then_depth k=12 key=random           [0.0, 0.23, 0.69, 0.97, 1.22, 1.07, 0.99, 1.0, 0.95, 0.95, 1.01, 1.09]
   48.8 move_rel k=28 key=spaced3                [0.0, 0.48, 0.75, 0.88, 0.75, 0.99, 0.81, 0.93, 0.97, 0.85, 1.01, 0.92]
   48.9 cut_then_depth k=38 key=spaced3          [0.0, 0.0, 1.39, 1.26, 0.54, 1.24, 1.03, 0.84, 1.02, 1.01, 1.04, 0.96]
   49.0 move_rel k=22 key=spaced3                [0.0, 1.19, 1.23, 1.11, 0.92, 1.05, 1.0, 1.02, 1.09, 1.06, 1.02, 0.92]
   49.3 cut_then_depth k=32 key=random           [0.0, 0.48, 1.29, 1.02, 1.08, 0.99, 0.95, 1.0, 0.96, 1.0, 0.99, 0.92]
   49.8 cut_then_depth k=26 key=spaced4          [0.0, 0.0, 1.63, 1.3, 0.72, 0.64, 1.0, 1.22, 1.01, 0.9, 0.95, 1.01]
   49.8 move_rel k=26 key=random                 [0.42, 0.92, 0.97, 1.04, 1.1, 0.98, 0.95, 1.0, 0.92, 0.91, 1.01, 0.98]
   49.9 move_rel k=24 key=spaced2                [0.58, 0.26, 0.61, 1.2, 0.88, 1.06, 1.06, 0.91, 0.97, 0.9, 0.83, 0.78]
   51.0 cut_then_depth k=22 key=random           [0.0, 0.81, 0.85, 0.81, 1.04, 0.91, 1.06, 0.92, 1.03, 1.03, 1.0, 1.02]
   51.2 CutDeck k=11 key=random                  [0.0, 1.4, 0.91, 1.2, 1.04, 1.04, 0.94, 0.98, 1.07, 0.97, 0.94, 1.02]
   51.5 cut_then_depth k=28 key=random           [0.0, 1.29, 1.17, 1.15, 0.94, 1.07, 0.86, 1.03, 1.02, 1.02, 0.98, 0.95]
   51.8 move_rel k=40 key=random                 [0.35, 1.0, 1.21, 1.27, 1.25, 1.18, 1.23, 1.12, 1.15, 1.14, 1.09, 1.18]
   51.9 CutDeck k=29 key=random                  [0.0, 1.19, 0.89, 1.04, 0.9, 1.01, 1.01, 1.04, 1.02, 0.94, 1.01, 1.01]
   52.2 cut_then_depth k=2 key=spaced3           [0.0, 0.0, 1.05, 2.23, 1.92, 0.96, 0.45, 0.56, 0.83, 1.07, 1.1, 1.2]
   52.9 move_rel k=30 key=random                 [0.27, 0.92, 1.04, 0.93, 0.87, 0.84, 0.87, 0.93, 0.96, 0.93, 1.02, 1.03]
   53.0 cut_then_depth k=10 key=random           [0.0, 0.3, 1.29, 0.92, 1.03, 0.99, 1.04, 1.07, 1.0, 1.04, 1.07, 0.98]
   53.5 CutDeck k=33 key=random                  [0.0, 0.95, 1.47, 1.03, 0.9, 0.9, 1.03, 1.02, 0.97, 1.05, 1.0, 1.04]
   54.0 cut_then_depth k=32 key=spaced3          [0.0, 0.0, 1.85, 1.52, 0.68, 0.89, 1.15, 0.98, 0.93, 1.05, 1.02, 0.95]
   54.5 CutDeck k=13 key=random                  [0.08, 0.88, 1.39, 0.88, 1.07, 1.01, 1.04, 1.06, 1.02, 0.95, 1.02, 0.95]
   54.6 cut_then_depth k=4 key=random            [0.0, 1.09, 0.96, 0.89, 1.03, 1.0, 1.01, 1.1, 0.95, 1.05, 0.98, 1.02]
   54.7 move_rel k=16 key=spaced3                [0.0, 0.6, 1.38, 0.93, 0.96, 1.04, 0.77, 0.92, 0.79, 0.86, 0.88, 0.83]
control: [(62.8, 'PosKey (control)'), (69.0, 'RandGAK (control)')]
