lang=en space=True A=27   target d1-6=[0,0.41,0.74,2.16,0.92,1.01] resync4=0.55
mech                        dev8 d4 mean d4 per key                     d1-6 mean                                rs4  rs1
move_depth k=11 random   112.8    0.36 [0.33, 0.0, 0.0, 1.81, 0.0, 0.0] [0.54, 1.86, 0.15, 0.36, 0.23, 0.99]     0.35 0.58
move_depth k=15 random    49.5    0.92 [0.64, 1.03, 0.45, 0.21, 3.16, 0.0] [0.23, 1.32, 0.79, 0.92, 0.67, 0.55]     0.35 0.57
move_depth k=19 random    55.9    0.58 [0.29, 0.53, 0.17, 0.02, 0.51, 1.95] [0.48, 0.87, 0.38, 0.58, 0.55, 0.58]     0.35 0.57
move_depth k=21 random    52.0    0.68 [1.1, 0.0, 0.71, 2.16, 0.04, 0.07] [0.0, 0.95, 0.23, 0.68, 1.56, 0.92]      0.35 0.57
move_depth k=23 random    58.4    0.63 [0.24, 1.12, 1.38, 0.36, 0.0, 0.69] [0.01, 0.83, 1.94, 0.63, 0.46, 0.39]     0.35 0.57
move_depth k=25 random   116.3    0.43 [0.0, 0.73, 0.19, 0.76, 0.0, 0.88] [2.08, 0.23, 0.45, 0.43, 0.88, 1.67]     0.35 0.57
move_depth k=27 random    27.5    2.21 [0.75, 5.94, 4.11, 1.44, 0.7, 0.33] [0.43, 0.48, 0.99, 2.21, 2.13, 1.69]     0.35 0.57
move_depth k=31 random    87.8    1.84 [3.43, 3.37, 2.72, 0.54, 0.11, 0.87] [0.59, 2.46, 2.06, 1.84, 2.02, 2.24]     0.35 0.57
move_depth k=35 random   176.2    0.73 [2.07, 0.0, 1.17, 0.37, 0.0, 0.76] [4.69, 0.01, 0.31, 0.73, 0.8, 0.97]      0.34 0.57
move_depth k=41 random    83.9    1.15 [0.63, 1.14, 0.04, 0.39, 4.44, 0.24] [1.92, 1.36, 2.06, 1.15, 1.03, 0.82]     0.35 0.57
move_depth k=11 top      160.8    3.03 [3.02, 3.03, 2.97, 3.14, 2.92, 3.1] [2.72, 1.86, 1.44, 3.03, 2.81, 2.77]     0.29 0.61
move_depth k=15 top      191.3    3.45 [3.57, 3.57, 3.23, 3.47, 3.42, 3.43] [0.96, 2.48, 2.5, 3.45, 3.4, 3.26]       0.29 0.62
move_depth k=19 top      268.4    2.52 [2.52, 2.61, 2.26, 2.54, 2.66, 2.54] [6.24, 2.81, 4.4, 2.52, 1.48, 1.23]      0.30 0.62
move_depth k=21 top      163.8    4.48 [4.38, 4.32, 4.57, 4.45, 4.59, 4.54] [0.64, 3.13, 2.89, 4.48, 3.19, 2.96]     0.30 0.61
move_depth k=23 top      133.9    0.97 [0.86, 1.06, 1.0, 0.86, 1.13, 0.88] [0.08, 0.83, 1.9, 0.97, 2.25, 4.27]      0.29 0.63
move_depth k=25 top      206.3    3.34 [3.57, 3.29, 3.02, 3.54, 3.14, 3.5] [0.03, 1.14, 1.24, 3.34, 5.16, 4.46]     0.28 0.60
move_depth k=27 top      407.0    1.75 [1.74, 1.85, 1.72, 1.78, 1.63, 1.77] [0.0, 16.44, 0.03, 1.75, 0.61, 0.42]     0.30 0.61
move_depth k=31 top      1239.3    0.00 [0.0, 0.0, 0.0, 0.0, 0.0, 0.0] [0.0, 0.0, 0.0, 0.0, 0.0, 16.44]         0.36 0.66
move_depth k=35 top      1466.0    0.00 [0.0, 0.0, 0.0, 0.0, 0.0, 0.0] [0.0, 0.0, 0.0, 0.0, 0.0, 0.0]           0.43 0.69
move_depth k=41 top      1466.0    0.00 [0.0, 0.0, 0.0, 0.0, 0.0, 0.0] [0.0, 0.0, 0.0, 0.0, 0.0, 0.0]           0.51 0.72
move_depth k=11 spaced3  169.7    0.73 [0.85, 0.72, 0.56, 0.78, 0.68, 0.81] [0.0, 7.26, 0.83, 0.73, 0.92, 0.63]      0.33 0.62
move_depth k=15 spaced3  228.2    0.85 [0.71, 0.86, 1.03, 0.84, 0.86, 0.83] [1.29, 0.05, 0.0, 0.85, 0.4, 0.41]       0.32 0.62
move_depth k=19 spaced3   64.3    1.02 [1.05, 1.14, 0.9, 0.98, 1.08, 0.99] [0.0, 0.14, 3.56, 1.02, 0.46, 0.97]      0.33 0.63
move_depth k=21 spaced3  356.1    1.35 [1.11, 1.41, 1.45, 1.48, 1.22, 1.43] [4.49, 0.0, 0.0, 1.35, 1.66, 1.18]       0.33 0.63
move_depth k=23 spaced3   84.9    0.68 [0.71, 0.73, 0.8, 0.68, 0.53, 0.65] [0.0, 3.39, 1.15, 0.68, 0.75, 0.78]      0.33 0.62
move_depth k=25 spaced3   47.0    1.18 [1.1, 1.32, 1.24, 1.17, 1.05, 1.24] [0.0, 1.33, 1.14, 1.18, 0.57, 0.31]      0.33 0.62
move_depth k=27 spaced3  294.4    0.25 [0.2, 0.24, 0.36, 0.25, 0.2, 0.26] [0.06, 0.0, 0.0, 0.25, 0.48, 0.78]       0.32 0.62
move_depth k=31 spaced3   32.1    1.10 [1.05, 1.12, 1.16, 1.02, 1.25, 1.01] [0.0, 0.25, 0.96, 1.1, 0.56, 0.46]       0.32 0.62
move_depth k=35 spaced3   33.1    0.72 [0.76, 0.66, 0.74, 0.7, 0.76, 0.69] [0.0, 1.24, 0.96, 0.72, 0.94, 0.92]      0.32 0.63
move_depth k=41 spaced3   84.3    1.27 [1.34, 1.44, 1.22, 1.24, 1.17, 1.19] [0.0, 3.01, 2.98, 1.27, 1.14, 0.79]      0.32 0.63
