lang=en space=False A=26   target d1-6=[0,0.41,0.74,2.16,0.92,1.01] resync4=0.55
mech                        dev8 d4 mean d4 per key                     d1-6 mean                                rs4  rs1
move_depth k=11 random    88.9    0.56 [0.51, 0.0, 0.04, 2.78, 0.01, 0.0] [0.63, 2.24, 0.24, 0.56, 0.42, 1.03]     0.35 0.64
move_depth k=15 random    36.8    1.09 [0.87, 1.2, 0.6, 0.49, 3.37, 0.0] [0.25, 1.56, 1.07, 1.09, 0.95, 0.71]     0.35 0.64
move_depth k=19 random    39.3    1.29 [0.99, 0.69, 0.24, 0.02, 1.08, 4.72] [0.67, 1.09, 0.56, 1.29, 0.49, 0.61]     0.35 0.63
move_depth k=21 random    40.6    0.80 [1.22, 0.02, 0.96, 2.17, 0.15, 0.26] [0.0, 1.36, 0.32, 0.8, 1.62, 1.21]       0.35 0.64
move_depth k=23 random    31.7    0.90 [0.46, 1.81, 1.92, 0.66, 0.0, 0.56] [0.01, 0.89, 1.84, 0.9, 0.6, 1.06]       0.34 0.63
move_depth k=25 random    76.2    1.00 [0.01, 1.1, 0.28, 0.71, 0.0, 3.92] [2.51, 0.42, 0.47, 1.0, 0.84, 0.93]      0.34 0.63
move_depth k=27 random    24.1    1.50 [1.0, 0.46, 4.12, 2.08, 0.91, 0.42] [0.48, 0.88, 0.96, 1.5, 1.19, 1.32]      0.35 0.63
move_depth k=31 random    61.4    1.66 [3.85, 0.0, 3.48, 1.07, 0.31, 1.22] [0.68, 1.87, 1.77, 1.66, 1.97, 1.71]     0.35 0.63
move_depth k=35 random   100.0    0.90 [2.73, 0.0, 1.83, 0.5, 0.0, 0.36] [2.52, 0.03, 0.81, 0.9, 1.11, 1.28]      0.36 0.62
move_depth k=41 random    79.4    0.89 [1.04, 0.96, 0.03, 0.41, 2.6, 0.32] [2.3, 0.27, 1.07, 0.89, 0.85, 0.83]      0.35 0.62
move_depth k=11 top      248.2    2.72 [2.68, 2.72, 2.54, 2.75, 2.83, 2.81] [3.45, 1.85, 1.7, 2.72, 3.32, 4.03]      0.32 0.60
move_depth k=15 top      270.1    3.34 [3.24, 3.37, 3.17, 3.35, 3.53, 3.36] [1.29, 3.8, 4.79, 3.34, 3.32, 3.61]      0.31 0.60
move_depth k=19 top      447.6    2.63 [2.74, 2.44, 2.42, 2.77, 2.7, 2.74] [7.65, 5.08, 5.29, 2.63, 1.67, 2.4]      0.32 0.60
move_depth k=21 top      277.8    4.81 [4.79, 4.73, 4.58, 4.95, 4.86, 4.94] [0.83, 2.55, 6.8, 4.81, 4.57, 2.75]      0.32 0.60
move_depth k=23 top      237.6    1.96 [1.83, 1.93, 2.13, 1.9, 2.06, 1.91] [0.1, 2.24, 0.91, 1.96, 6.77, 4.98]      0.31 0.62
move_depth k=25 top      190.9    2.22 [1.98, 2.33, 2.18, 2.24, 2.34, 2.27] [0.02, 1.68, 0.1, 2.22, 0.89, 2.0]       0.33 0.63
move_depth k=27 top      170.6    1.68 [1.76, 1.56, 1.59, 1.81, 1.61, 1.75] [0.0, 0.0, 0.02, 1.68, 0.1, 2.21]        0.37 0.66
move_depth k=31 top      1157.1    0.00 [0.0, 0.0, 0.0, 0.0, 0.0, 0.0] [0.0, 0.0, 0.0, 0.0, 0.0, 0.0]           0.44 0.69
move_depth k=35 top      1466.0    0.00 [0.0, 0.0, 0.0, 0.0, 0.0, 0.0] [0.0, 0.0, 0.0, 0.0, 0.0, 0.0]           0.51 0.71
move_depth k=41 top      1466.0    0.00 [0.0, 0.0, 0.0, 0.0, 0.0, 0.0] [0.0, 0.0, 0.0, 0.0, 0.0, 0.0]           0.57 0.74
move_depth k=11 spaced3  188.4    1.44 [1.35, 1.39, 1.31, 1.52, 1.47, 1.58] [0.0, 9.14, 0.98, 1.44, 0.9, 1.11]       0.35 0.62
move_depth k=15 spaced3  225.0    1.00 [0.93, 0.93, 1.14, 1.0, 0.99, 1.02] [1.74, 0.09, 0.0, 1.0, 0.63, 0.79]       0.35 0.62
move_depth k=19 spaced3   35.9    2.20 [2.03, 2.32, 2.24, 2.11, 2.32, 2.17] [0.0, 0.3, 3.03, 2.2, 0.88, 0.9]         0.36 0.63
move_depth k=21 spaced3  312.8    1.16 [1.22, 1.07, 1.11, 1.16, 1.22, 1.17] [5.62, 0.06, 0.0, 1.16, 1.71, 1.51]      0.36 0.63
move_depth k=23 spaced3   72.4    1.59 [1.59, 1.61, 1.27, 1.7, 1.69, 1.68] [0.0, 3.53, 1.79, 1.59, 1.58, 1.02]      0.36 0.63
move_depth k=25 spaced3   64.3    0.91 [1.1, 0.69, 0.92, 0.92, 0.9, 0.93] [0.0, 2.19, 1.82, 0.91, 0.45, 0.48]      0.36 0.62
move_depth k=27 spaced3  261.2    0.48 [0.49, 0.47, 0.52, 0.46, 0.48, 0.46] [0.06, 0.0, 0.0, 0.48, 0.98, 1.24]       0.36 0.62
move_depth k=31 spaced3   25.6    0.98 [0.92, 0.96, 1.14, 0.93, 1.0, 0.94] [0.0, 0.33, 0.97, 0.98, 0.82, 0.61]      0.35 0.63
move_depth k=35 spaced3   22.4    1.24 [1.32, 1.25, 1.21, 1.22, 1.2, 1.25] [0.0, 1.0, 1.79, 1.24, 0.92, 0.85]       0.36 0.62
move_depth k=41 spaced3  100.1    1.95 [1.84, 2.12, 1.87, 1.93, 1.96, 1.98] [0.0, 3.22, 3.8, 1.95, 1.79, 1.22]       0.35 0.63
