lang=fi space=True A=29   target d1-6=[0,0.41,0.74,2.16,0.92,1.01] resync4=0.55
mech                        dev8 d4 mean d4 per key                     d1-6 mean                                rs4  rs1
move_depth k=11 random   117.7    0.29 [0.56, 0.29, 0.04, 0.86, 0.0, 0.0] [0.0, 1.45, 0.11, 0.29, 0.13, 1.09]      0.34 0.67
move_depth k=15 random    29.6    1.36 [0.0, 0.22, 2.89, 0.05, 4.99, 0.0] [0.01, 1.51, 0.76, 1.36, 0.46, 0.6]      0.34 0.66
move_depth k=19 random    22.2    1.65 [1.37, 0.56, 1.08, 0.05, 1.32, 5.53] [0.0, 1.47, 0.6, 1.65, 0.6, 0.74]        0.34 0.65
move_depth k=21 random    39.6    1.02 [2.2, 0.04, 0.46, 2.86, 0.03, 0.53] [0.06, 1.52, 0.64, 1.02, 1.15, 1.71]     0.34 0.65
move_depth k=23 random    23.3    1.98 [1.39, 1.86, 3.1, 0.09, 5.06, 0.39] [0.0, 1.08, 1.63, 1.98, 1.31, 1.67]      0.34 0.65
move_depth k=25 random    98.2    1.26 [0.0, 0.95, 0.12, 1.0, 0.32, 5.18] [2.72, 1.97, 0.73, 1.26, 1.07, 1.23]     0.33 0.65
move_depth k=27 random    54.3    2.00 [0.7, 1.55, 2.18, 3.22, 3.69, 0.64] [0.83, 1.46, 1.8, 2.0, 1.85, 1.62]       0.34 0.65
move_depth k=31 random    45.7    1.25 [3.15, 0.4, 2.2, 1.25, 0.47, 0.03] [0.58, 1.58, 1.4, 1.25, 1.36, 1.48]      0.34 0.65
move_depth k=35 random    89.1    0.82 [2.61, 0.0, 0.9, 1.42, 0.0, 0.0] [2.29, 0.07, 0.98, 0.82, 0.75, 0.58]     0.34 0.64
move_depth k=41 random   109.1    0.65 [0.52, 0.62, 0.09, 0.0, 2.4, 0.25] [2.23, 0.64, 0.48, 0.65, 0.41, 0.37]     0.34 0.64
move_depth k=11 top      367.6    4.32 [4.28, 4.7, 4.2, 4.18, 4.26, 4.28] [5.05, 3.54, 3.46, 4.32, 3.66, 4.09]     0.31 0.64
move_depth k=15 top      248.9    3.61 [3.71, 3.7, 3.6, 3.49, 3.62, 3.52] [1.78, 2.1, 4.06, 3.61, 3.49, 3.28]      0.31 0.65
move_depth k=19 top      332.8    2.10 [1.56, 2.0, 1.79, 2.39, 2.43, 2.41] [6.01, 4.14, 5.03, 2.1, 1.73, 1.73]      0.32 0.64
move_depth k=21 top      191.3    4.21 [3.94, 4.08, 4.04, 4.38, 4.38, 4.44] [2.1, 3.32, 3.72, 4.21, 2.55, 2.11]      0.32 0.64
move_depth k=23 top      136.6    1.95 [1.58, 2.0, 2.03, 2.01, 2.08, 1.99] [0.0, 0.14, 1.34, 1.95, 4.56, 4.35]      0.31 0.65
move_depth k=25 top      124.9    0.63 [0.55, 0.49, 0.68, 0.64, 0.76, 0.66] [0.0, 0.9, 1.24, 0.63, 0.82, 2.08]       0.33 0.66
move_depth k=27 top      143.3    0.96 [1.08, 0.9, 0.8, 0.98, 1.0, 0.98] [0.26, 3.24, 0.07, 0.96, 0.79, 1.49]     0.33 0.64
move_depth k=31 top      375.8   10.78 [10.9, 10.84, 10.8, 10.73, 10.68, 10.75] [0.0, 0.0, 0.0, 10.78, 0.25, 2.47]       0.35 0.67
move_depth k=35 top      1458.2    0.00 [0.0, 0.0, 0.0, 0.0, 0.0, 0.0] [0.0, 0.0, 0.0, 0.0, 0.0, 0.0]           0.42 0.70
move_depth k=41 top      1466.0    0.00 [0.0, 0.0, 0.0, 0.0, 0.0, 0.0] [0.0, 0.0, 0.0, 0.0, 0.0, 0.0]           0.50 0.73
move_depth k=11 spaced3  394.7    0.60 [0.62, 0.54, 0.82, 0.56, 0.55, 0.54] [0.0, 5.51, 0.38, 0.6, 0.07, 0.04]       0.31 0.62
move_depth k=15 spaced3  471.1    0.02 [0.02, 0.02, 0.02, 0.02, 0.01, 0.02] [0.0, 0.0, 0.0, 0.02, 0.07, 0.3]         0.31 0.62
move_depth k=19 spaced3  120.4    0.80 [0.85, 0.96, 0.87, 0.68, 0.75, 0.7] [0.0, 0.0, 0.74, 0.8, 0.44, 0.94]        0.30 0.63
move_depth k=21 spaced3  311.9    2.17 [2.26, 2.15, 2.33, 2.1, 2.14, 2.07] [2.04, 0.0, 0.0, 2.17, 3.13, 1.99]       0.30 0.63
move_depth k=23 spaced3  143.2    1.03 [1.02, 1.09, 1.08, 1.01, 0.97, 0.99] [0.0, 6.34, 1.4, 1.03, 0.8, 0.54]        0.31 0.62
move_depth k=25 spaced3   56.0    2.01 [2.25, 2.07, 2.21, 1.86, 1.86, 1.84] [0.0, 2.02, 3.09, 2.01, 1.04, 1.06]      0.30 0.62
move_depth k=27 spaced3  320.6    0.54 [0.55, 0.52, 0.44, 0.57, 0.56, 0.58] [1.05, 0.0, 0.0, 0.54, 1.46, 2.47]       0.29 0.63
move_depth k=31 spaced3   57.1    1.71 [1.47, 1.39, 1.72, 1.94, 1.77, 1.93] [0.0, 2.87, 1.63, 1.71, 1.62, 0.99]      0.30 0.62
move_depth k=35 spaced3   29.9    1.94 [1.75, 1.8, 1.93, 2.04, 2.07, 2.05] [0.0, 0.57, 2.63, 1.94, 1.07, 1.21]      0.30 0.62
move_depth k=41 spaced3   65.4    2.81 [2.96, 3.08, 3.03, 2.49, 2.8, 2.5] [0.0, 1.65, 3.71, 2.81, 1.55, 1.14]      0.30 0.62
