lang=fi space=True A=29
TARGET        [0.0, 0.41, 0.74, 2.16, 0.92, 1.01, 1.02, 0.95, 1.56, 0.97, 0.89, 0.63, 1.72, 1.09, 0.37, 0.93, 1.69, 1.23, 0.29, 0.48]
  29.8 cut_then_depth k=11 sp=3 off=0   [0.0, 0.0, 1.16, 1.76, 1.08, 0.95, 0.93, 0.92, 1.24, 1.04, 0.91, 1.04, 1.01, 1.02, 0.98, 1.06, 1.15, 0.98, 0.94, 0.96] d4/key=[1.99, 1.96, 1.52, 1.49]
  31.5 cut_then_depth k=15 sp=4 off=0   [0.0, 0.09, 0.6, 1.79, 1.3, 0.69, 0.81, 1.03, 1.19, 1.01, 0.94, 0.89, 1.04, 1.13, 1.04, 0.93, 1.06, 0.95, 1.0, 0.97] d4/key=[1.77, 1.7, 1.82, 1.69]
  35.2 cut_then_depth k=23 sp=4 off=0   [0.0, 0.41, 1.15, 1.84, 1.25, 0.68, 1.04, 1.16, 1.0, 0.94, 0.96, 1.06, 0.97, 1.08, 0.91, 1.04, 1.05, 1.05, 1.07, 1.02] d4/key=[1.67, 1.78, 1.6, 1.54]
  35.6 cut_then_depth k=17 sp=2 off=0   [0.0, 0.81, 0.94, 1.63, 0.71, 1.03, 0.87, 1.03, 0.97, 0.95, 0.99, 1.06, 1.08, 0.98, 0.98, 1.06, 1.0, 1.04, 1.07, 0.96] d4/key=[1.59, 1.75, 1.41, 1.69]
  36.6 cut_then_depth k=11 sp=4 off=0   [0.0, 0.0, 0.98, 2.32, 1.38, 0.57, 0.7, 0.94, 1.11, 1.15, 0.91, 0.9, 1.07, 0.99, 1.0, 1.06, 0.95, 0.96, 1.01, 1.02] d4/key=[2.2, 2.47, 2.18, 2.14]
  37.3 cut_then_depth k=39 sp=4 off=0   [0.0, 0.08, 1.23, 1.69, 0.73, 1.03, 1.11, 1.06, 0.99, 0.98, 1.08, 0.96, 0.96, 1.03, 1.06, 0.96, 1.06, 0.97, 1.04, 0.96] d4/key=[1.87, 1.54, 1.56, 1.55]
  37.4 cut_then_depth k=13 sp=2 off=0   [0.0, 0.27, 1.27, 1.66, 0.86, 0.89, 0.99, 1.03, 0.96, 0.97, 1.01, 1.04, 0.99, 1.06, 1.03, 1.06, 1.03, 0.97, 1.0, 1.04] d4/key=[1.66, 1.63, 1.3, 1.47]
  38.2 cut_then_depth k=41 sp=3 off=1   [0.0, 0.0, 1.14, 1.37, 0.81, 1.14, 0.93, 0.92, 0.99, 0.93, 0.94, 1.0, 1.08, 1.02, 1.0, 0.93, 1.05, 1.04, 1.02, 0.96] d4/key=[1.25, 1.24, 1.28, 1.2]
  39.1 cut_then_depth k=19 sp=3 off=1   [0.04, 0.0, 1.01, 1.37, 0.92, 1.07, 0.97, 1.01, 1.08, 0.98, 0.96, 1.02, 0.97, 0.96, 0.91, 0.97, 0.99, 0.99, 1.06, 0.99] d4/key=[1.31, 1.47, 1.34, 1.45]
  39.3 cut_then_depth k=20 sp=3 off=0   [0.0, 0.0, 1.05, 1.39, 0.95, 0.87, 1.0, 0.94, 1.03, 1.05, 1.05, 1.04, 1.07, 0.99, 0.94, 1.07, 0.92, 0.95, 1.02, 0.96] d4/key=[1.49, 1.47, 1.25, 1.43]
  40.0 cut_then_depth k=37 sp=3 off=2   [0.0, 0.0, 0.57, 1.24, 0.94, 0.91, 0.99, 0.95, 1.18, 1.06, 0.97, 1.05, 0.9, 0.91, 0.97, 0.94, 0.99, 1.11, 0.96, 0.96] d4/key=[1.13, 1.32, 0.94, 0.96]
  40.4 cut_then_depth k=35 sp=4 off=0   [0.0, 0.05, 1.02, 1.23, 0.94, 0.83, 1.1, 1.09, 0.96, 1.06, 1.06, 0.93, 1.01, 1.11, 0.88, 1.0, 1.03, 0.99, 1.05, 0.9] d4/key=[1.27, 1.17, 0.95, 1.27]
  40.7 cut_then_depth k=19 sp=3 off=2   [0.0, 0.0, 0.89, 1.52, 1.34, 1.06, 1.05, 0.96, 1.08, 0.91, 1.09, 0.95, 0.93, 0.95, 1.0, 1.09, 0.93, 0.93, 0.98, 1.06] d4/key=[1.56, 1.73, 1.22, 1.26]
  41.1 cut_then_depth k=10 sp=3 off=2   [0.0, 0.0, 1.07, 1.55, 0.97, 0.87, 0.83, 0.92, 0.97, 1.06, 1.03, 1.19, 0.97, 0.98, 1.05, 1.02, 1.03, 1.0, 1.02, 1.01] d4/key=[1.61, 1.52, 1.96, 1.89]
  41.4 cut_then_depth k=4 sp=3 off=2    [0.0, 0.02, 0.74, 1.47, 1.16, 1.06, 0.77, 0.77, 0.86, 0.98, 1.03, 0.98, 0.97, 0.95, 0.96, 0.99, 0.96, 0.98, 1.04, 1.01] d4/key=[1.25, 1.47, 1.49, 1.44]
  41.5 cut_then_depth k=15 sp=3 off=0   [0.0, 0.0, 0.46, 1.25, 1.02, 1.16, 0.92, 0.95, 0.98, 0.95, 0.98, 0.88, 0.99, 0.94, 0.98, 0.96, 0.98, 1.01, 1.01, 0.96] d4/key=[1.16, 1.35, 1.24, 1.37]
  41.6 cut_then_depth k=8 sp=3 off=0    [0.0, 0.0, 1.03, 1.43, 1.01, 0.69, 0.75, 1.11, 1.04, 1.0, 0.92, 0.99, 0.88, 0.99, 1.07, 0.99, 1.02, 1.0, 0.89, 1.03] d4/key=[1.33, 1.57, 1.4, 1.56]
  41.9 cut_then_depth k=9 sp=3 off=0    [0.01, 0.0, 0.53, 1.49, 1.6, 1.27, 1.03, 0.83, 1.12, 0.88, 1.0, 0.99, 0.96, 0.96, 0.93, 1.04, 1.04, 0.95, 1.04, 0.98] d4/key=[1.52, 1.47, 1.63, 1.64]
  42.6 cut_then_depth k=16 sp=3 off=1   [0.0, 1.12, 0.89, 1.45, 0.89, 1.04, 0.93, 0.98, 0.9, 0.91, 0.93, 0.93, 0.94, 0.98, 0.96, 0.98, 1.02, 1.1, 1.04, 0.98] d4/key=[1.72, 1.47, 1.57, 1.59]
  42.7 cut_then_depth k=27 sp=4 off=0   [0.0, 0.05, 0.6, 1.5, 1.42, 0.69, 1.08, 0.99, 1.05, 0.87, 1.02, 1.08, 0.92, 1.09, 1.0, 0.99, 1.06, 0.95, 1.07, 1.05] d4/key=[1.53, 1.59, 1.54, 1.44]
