lang=en space=False A=26
TARGET        [0.0, 0.41, 0.74, 2.16, 0.92, 1.01, 1.02, 0.95, 1.56, 0.97, 0.89, 0.63, 1.72, 1.09, 0.37, 0.93, 1.69, 1.23, 0.29, 0.48]
  34.0 cut_then_depth k=39 sp=4 off=0   [0.0, 0.0, 0.89, 1.65, 1.02, 0.82, 1.06, 0.99, 1.05, 1.03, 0.94, 0.97, 1.0, 1.04, 1.0, 0.96, 1.02, 1.0, 1.01, 1.03] d4/key=[1.59, 2.01, 1.57, 1.62]
  34.0 cut_then_depth k=27 sp=4 off=0   [0.0, 0.01, 0.5, 2.25, 1.17, 0.72, 0.85, 1.06, 1.11, 1.03, 0.98, 0.98, 0.97, 1.02, 1.01, 1.0, 1.0, 0.99, 1.03, 1.05] d4/key=[2.48, 2.53, 2.4, 2.25]
  34.7 cut_then_depth k=23 sp=4 off=0   [0.0, 0.01, 0.54, 2.05, 1.24, 0.78, 0.8, 0.9, 1.08, 1.1, 0.99, 0.98, 0.91, 0.98, 1.02, 1.06, 1.02, 1.08, 1.02, 1.02] d4/key=[2.18, 1.9, 2.05, 2.34]
  35.2 cut_then_depth k=14 sp=3 off=0   [0.0, 0.0, 0.85, 1.96, 1.18, 0.86, 0.73, 0.97, 0.96, 0.98, 1.05, 1.05, 1.0, 0.97, 0.98, 1.01, 0.96, 0.95, 0.96, 1.01] d4/key=[1.91, 2.13, 1.73, 1.76]
  35.4 cut_then_depth k=20 sp=3 off=0   [0.0, 0.0, 1.31, 1.9, 0.99, 0.84, 1.01, 1.05, 1.05, 0.99, 1.0, 1.05, 0.99, 1.02, 1.01, 0.99, 0.94, 1.01, 0.96, 0.92] d4/key=[1.81, 1.64, 1.69, 1.84]
  35.7 cut_then_depth k=17 sp=3 off=0   [0.0, 0.0, 1.13, 1.82, 1.06, 0.83, 0.82, 0.98, 1.01, 1.05, 0.98, 1.03, 0.98, 1.03, 0.96, 1.01, 0.98, 1.01, 1.02, 1.0] d4/key=[1.69, 1.93, 1.85, 2.03]
  36.0 cut_then_depth k=11 sp=2 off=0   [0.0, 0.93, 0.93, 1.74, 1.06, 0.95, 0.92, 1.06, 0.98, 1.03, 0.98, 1.0, 0.99, 1.04, 0.99, 1.02, 1.06, 1.09, 1.06, 1.06] d4/key=[1.75, 2.0, 1.69, 2.04]
  36.5 cut_then_depth k=31 sp=4 off=0   [0.0, 0.0, 1.09, 1.87, 1.12, 0.76, 0.89, 1.13, 0.99, 0.89, 1.06, 1.01, 1.0, 0.99, 0.99, 0.93, 0.96, 0.95, 1.02, 0.98] d4/key=[1.8, 2.0, 1.54, 1.74]
  36.7 cut_then_depth k=16 sp=3 off=2   [0.0, 0.0, 1.17, 1.86, 1.41, 1.08, 0.87, 0.94, 1.05, 1.08, 1.09, 0.92, 1.0, 1.01, 0.97, 1.03, 1.03, 1.03, 1.03, 1.03] d4/key=[1.88, 2.06, 1.88, 1.71]
  38.2 move_depth k=26 sp=3 off=0       [0.0, 0.05, 0.91, 1.62, 1.14, 0.93, 0.85, 0.72, 0.78, 0.94, 1.08, 1.16, 1.29, 1.19, 1.12, 1.06, 0.97, 1.0, 0.96, 0.89] d4/key=[1.69, 1.78, 1.68, 1.6]
  38.2 move_depth k=27 sp=3 off=1       [0.0, 0.05, 0.91, 1.62, 1.14, 0.93, 0.85, 0.72, 0.78, 0.94, 1.08, 1.16, 1.29, 1.19, 1.12, 1.06, 0.97, 1.0, 0.96, 0.89] d4/key=[1.69, 1.78, 1.68, 1.6]
  38.2 move_depth k=28 sp=3 off=2       [0.0, 0.05, 0.91, 1.62, 1.14, 0.93, 0.85, 0.72, 0.78, 0.94, 1.08, 1.16, 1.29, 1.19, 1.12, 1.06, 0.97, 1.0, 0.96, 0.89] d4/key=[1.69, 1.78, 1.68, 1.6]
  38.3 cut_then_depth k=19 sp=3 off=2   [0.0, 0.0, 1.17, 1.69, 1.23, 1.1, 0.96, 0.95, 1.0, 1.01, 1.01, 1.01, 0.99, 1.0, 1.07, 1.0, 0.95, 1.01, 0.98, 0.98] d4/key=[1.68, 1.75, 1.66, 1.72]
  39.0 cut_then_depth k=28 sp=3 off=1   [0.1, 0.0, 0.68, 1.36, 0.86, 1.11, 0.96, 1.0, 1.04, 0.97, 0.96, 1.07, 1.06, 0.97, 1.03, 1.0, 0.99, 0.97, 1.0, 1.0] d4/key=[1.37, 1.46, 1.39, 1.34]
  39.3 cut_then_depth k=25 sp=3 off=2   [0.0, 0.0, 1.16, 1.47, 1.31, 1.06, 1.09, 1.06, 1.03, 1.04, 1.02, 1.01, 1.04, 1.07, 0.94, 1.1, 0.97, 0.97, 0.98, 0.96] d4/key=[1.26, 1.42, 1.39, 1.56]
  40.0 cut_then_depth k=35 sp=4 off=0   [0.0, 0.01, 1.35, 1.48, 0.88, 0.75, 0.89, 1.03, 1.1, 0.93, 0.98, 0.98, 1.03, 1.04, 1.03, 1.02, 0.96, 1.02, 0.94, 0.98] d4/key=[1.64, 1.59, 1.6, 1.71]
  40.3 cut_then_depth k=15 sp=4 off=0   [0.0, 0.01, 0.45, 1.65, 1.47, 1.18, 0.85, 0.8, 0.98, 1.14, 1.08, 1.04, 1.02, 0.99, 0.96, 1.02, 1.01, 0.9, 1.03, 0.97] d4/key=[1.67, 1.59, 1.67, 1.55]
  40.4 cut_then_depth k=13 sp=2 off=0   [0.0, 1.08, 0.61, 1.59, 1.1, 0.83, 0.91, 1.02, 0.99, 0.96, 0.95, 1.01, 0.97, 0.98, 1.02, 0.96, 1.03, 1.03, 1.09, 0.93] d4/key=[1.61, 1.5, 1.58, 1.49]
  40.4 cut_then_depth k=11 sp=3 off=0   [0.0, 0.0, 0.79, 1.88, 1.59, 1.03, 0.78, 0.78, 0.94, 1.05, 1.04, 1.04, 1.01, 0.97, 1.02, 1.05, 0.95, 1.02, 1.0, 0.99] d4/key=[1.98, 2.0, 1.81, 1.72]
  40.6 cut_then_depth k=8 sp=3 off=0    [0.0, 0.0, 1.06, 1.95, 1.51, 1.19, 0.68, 0.63, 0.96, 1.03, 1.04, 1.12, 1.05, 0.95, 0.97, 1.08, 0.99, 0.95, 0.97, 0.99] d4/key=[1.97, 2.07, 2.04, 2.03]
