lang=en space=True A=27
TARGET        [0.0, 0.41, 0.74, 2.16, 0.92, 1.01, 1.02, 0.95, 1.56, 0.97, 0.89, 0.63, 1.72, 1.09, 0.37, 0.93, 1.69, 1.23, 0.29, 0.48]
  34.2 cut_then_depth k=29 sp=2 off=0   [0.0, 0.66, 0.2, 2.39, 0.89, 1.08, 0.85, 0.89, 0.98, 0.97, 1.0, 0.97, 1.0, 0.98, 1.0, 1.05, 1.02, 1.07, 1.0, 1.04] d4/key=[2.75, 2.22, 2.71, 2.82]
  35.5 cut_then_depth k=15 sp=4 off=0   [0.0, 0.0, 1.03, 1.89, 1.1, 0.86, 0.72, 1.04, 1.07, 1.01, 0.9, 0.9, 0.98, 1.05, 1.09, 1.02, 0.94, 1.01, 1.02, 1.0] d4/key=[1.85, 2.09, 1.75, 1.71]
  37.6 cut_then_depth k=19 sp=3 off=2   [0.0, 0.0, 0.58, 1.97, 1.58, 1.08, 0.93, 0.87, 1.03, 0.99, 1.04, 1.01, 0.97, 1.0, 0.99, 0.93, 1.02, 0.98, 1.05, 1.0] d4/key=[1.63, 1.89, 1.66, 1.86]
  38.9 cut_then_depth k=37 sp=2 off=0   [0.0, 0.99, 0.58, 1.69, 0.99, 1.17, 1.11, 0.91, 0.97, 1.03, 0.95, 0.99, 0.96, 1.0, 1.05, 0.98, 0.99, 0.98, 1.04, 1.03] d4/key=[1.86, 1.81, 1.68, 1.71]
  39.0 cut_then_depth k=36 sp=4 off=0   [0.1, 0.0, 0.33, 1.47, 1.08, 0.77, 0.79, 1.02, 1.04, 0.93, 0.98, 1.02, 0.93, 1.1, 1.0, 1.01, 1.03, 1.01, 0.91, 0.95] d4/key=[1.32, 1.57, 1.32, 1.37]
  39.7 cut_then_depth k=19 sp=4 off=0   [0.0, 0.03, 1.02, 1.39, 0.95, 0.67, 0.76, 1.09, 1.15, 0.89, 0.9, 1.02, 1.08, 0.95, 1.02, 0.98, 0.96, 0.99, 1.02, 0.99] d4/key=[1.3, 1.22, 1.42, 1.3]
  40.0 cut_then_depth k=11 sp=4 off=0   [0.0, 0.0, 1.23, 1.75, 1.14, 0.63, 0.66, 0.87, 1.16, 1.23, 0.92, 0.9, 0.99, 1.02, 1.11, 0.94, 0.9, 1.03, 0.93, 1.0] d4/key=[1.71, 1.78, 1.71, 1.77]
  41.1 cut_then_depth k=22 sp=3 off=2   [0.0, 0.0, 0.83, 1.52, 1.43, 1.42, 0.95, 0.89, 1.07, 1.0, 1.01, 0.99, 0.98, 1.07, 0.93, 0.97, 0.95, 1.0, 1.01, 1.07] d4/key=[1.67, 1.53, 1.58, 1.53]
  42.0 cut_then_depth k=40 sp=3 off=2   [0.0, 0.0, 1.0, 1.23, 0.69, 1.05, 1.03, 1.19, 1.19, 1.07, 0.96, 1.04, 1.01, 1.05, 0.99, 0.98, 0.98, 0.99, 0.99, 1.05] d4/key=[1.55, 1.38, 1.25, 1.2]
  42.9 cut_then_depth k=30 sp=3 off=0   [0.61, 0.0, 0.47, 1.6, 0.95, 0.94, 1.05, 1.04, 0.95, 1.0, 1.05, 1.06, 0.94, 0.99, 0.96, 0.94, 0.98, 0.97, 1.02, 1.02] d4/key=[1.7, 1.59, 1.8, 1.65]
  43.4 cut_then_depth k=28 sp=3 off=1   [0.1, 0.0, 0.34, 1.37, 0.67, 1.04, 0.98, 1.05, 0.98, 1.12, 1.09, 1.01, 0.99, 1.0, 0.96, 1.0, 1.01, 0.97, 1.06, 1.04] d4/key=[1.32, 1.47, 1.38, 1.57]
  43.8 cut_then_depth k=34 sp=3 off=2   [0.0, 0.0, 0.42, 1.05, 0.84, 1.08, 1.02, 1.01, 1.16, 0.96, 0.97, 0.96, 1.0, 0.99, 0.99, 1.0, 1.05, 0.97, 0.99, 0.99] d4/key=[1.06, 1.07, 1.03, 1.02]
  43.8 cut_then_depth k=14 sp=3 off=0   [0.0, 0.0, 1.54, 1.81, 1.0, 0.73, 0.92, 1.06, 1.14, 1.09, 0.98, 1.09, 0.95, 0.94, 1.01, 0.94, 0.95, 1.02, 1.06, 1.04] d4/key=[1.89, 1.79, 1.83, 1.79]
  44.2 cut_then_depth k=4 sp=3 off=2    [0.0, 0.0, 1.16, 1.93, 1.27, 1.03, 0.51, 0.56, 0.94, 1.32, 1.23, 1.14, 0.87, 0.84, 0.94, 1.11, 1.11, 1.07, 0.95, 0.97] d4/key=[2.05, 1.83, 2.25, 1.86]
  44.2 cut_then_depth k=32 sp=3 off=0   [0.0, 0.0, 1.36, 1.48, 0.65, 0.8, 1.05, 1.04, 0.89, 0.99, 1.02, 1.0, 1.04, 0.93, 1.01, 1.04, 1.0, 1.01, 1.04, 0.99] d4/key=[1.86, 1.69, 1.54, 1.49]
  44.4 cut_then_depth k=25 sp=2 off=0   [0.0, 0.79, 0.27, 1.32, 0.92, 0.93, 0.99, 0.86, 0.95, 1.02, 0.97, 1.06, 0.96, 1.09, 1.02, 0.99, 0.97, 1.06, 1.0, 1.03] d4/key=[1.15, 1.32, 1.24, 1.25]
  45.3 cut_then_depth k=5 sp=3 off=0    [0.0, 0.0, 1.63, 1.87, 0.88, 0.41, 0.56, 0.98, 1.38, 1.14, 0.96, 0.83, 0.99, 1.06, 1.1, 1.03, 1.02, 1.01, 1.0, 0.99] d4/key=[1.97, 1.71, 1.94, 1.74]
  46.2 cut_then_depth k=31 sp=3 off=1   [0.61, 0.0, 0.42, 1.22, 0.77, 0.98, 0.91, 1.09, 1.05, 0.99, 1.04, 1.0, 1.04, 1.01, 1.05, 0.98, 1.05, 1.02, 1.01, 0.97] d4/key=[1.24, 1.08, 1.26, 1.32]
  46.4 cut_then_depth k=40 sp=4 off=0   [0.61, 0.0, 0.9, 1.26, 1.19, 0.84, 1.06, 1.12, 0.98, 0.97, 1.07, 1.07, 1.04, 0.99, 0.99, 1.0, 1.01, 1.02, 0.94, 1.03] d4/key=[1.57, 1.36, 1.47, 1.41]
  46.9 cut_then_depth k=21 sp=2 off=0   [0.0, 0.68, 1.47, 1.28, 0.78, 1.13, 1.24, 1.04, 0.99, 1.01, 0.94, 1.02, 0.99, 0.97, 1.01, 1.02, 1.0, 0.94, 0.95, 1.03] d4/key=[1.4, 0.98, 1.22, 1.14]
